{
 "cells": [
  {
   "cell_type": "markdown",
   "metadata": {},
   "source": [
    "# Correlation: Weather vs. Monthly Frequency for Top 3 Areas"
   ]
  },
  {
   "cell_type": "code",
   "execution_count": null,
   "metadata": {},
   "outputs": [],
   "source": [
    "%matplotlib inline\n",
    "import seaborn as sns\n",
    "import math\n",
    "import pandas as pd\n",
    "import numpy as np\n",
    "import scipy as sci\n",
    "from scipy import stats\n",
    "from sklearn.cluster import KMeans\n",
    "import matplotlib.pyplot as plt\n",
    "from dateutil.parser import parse"
   ]
  },
  {
   "cell_type": "markdown",
   "metadata": {},
   "source": [
    "## Read Data"
   ]
  },
  {
   "cell_type": "markdown",
   "metadata": {},
   "source": [
    "### Weather Factors: Temperature, Precipitation, Snow Depth, & Wind Speed"
   ]
  },
  {
   "cell_type": "code",
   "execution_count": 2,
   "metadata": {},
   "outputs": [
    {
     "name": "stdout",
     "output_type": "stream",
     "text": [
      "<class 'pandas.core.frame.DataFrame'>\n",
      "RangeIndex: 12 entries, 0 to 11\n",
      "Data columns (total 8 columns):\n",
      "Month           12 non-null int64\n",
      "avg_temp        12 non-null int64\n",
      "avg_prec        12 non-null float64\n",
      "avg_snow_acc    12 non-null float64\n",
      "avg_wind_spd    12 non-null float64\n",
      "count_NN        12 non-null int64\n",
      "count_LP        12 non-null int64\n",
      "count_NW        12 non-null int64\n",
      "dtypes: float64(3), int64(5)\n",
      "memory usage: 848.0 bytes\n"
     ]
    },
    {
     "data": {
      "text/html": [
       "<div>\n",
       "<style scoped>\n",
       "    .dataframe tbody tr th:only-of-type {\n",
       "        vertical-align: middle;\n",
       "    }\n",
       "\n",
       "    .dataframe tbody tr th {\n",
       "        vertical-align: top;\n",
       "    }\n",
       "\n",
       "    .dataframe thead th {\n",
       "        text-align: right;\n",
       "    }\n",
       "</style>\n",
       "<table border=\"1\" class=\"dataframe\">\n",
       "  <thead>\n",
       "    <tr style=\"text-align: right;\">\n",
       "      <th></th>\n",
       "      <th>Month</th>\n",
       "      <th>avg_temp</th>\n",
       "      <th>avg_prec</th>\n",
       "      <th>avg_snow_acc</th>\n",
       "      <th>avg_wind_spd</th>\n",
       "      <th>count_NN</th>\n",
       "      <th>count_LP</th>\n",
       "      <th>count_NW</th>\n",
       "    </tr>\n",
       "  </thead>\n",
       "  <tbody>\n",
       "    <tr>\n",
       "      <th>0</th>\n",
       "      <td>1</td>\n",
       "      <td>27</td>\n",
       "      <td>2.0</td>\n",
       "      <td>4.3</td>\n",
       "      <td>9.5</td>\n",
       "      <td>294174</td>\n",
       "      <td>212691</td>\n",
       "      <td>86568</td>\n",
       "    </tr>\n",
       "    <tr>\n",
       "      <th>1</th>\n",
       "      <td>2</td>\n",
       "      <td>27</td>\n",
       "      <td>2.1</td>\n",
       "      <td>3.2</td>\n",
       "      <td>8.9</td>\n",
       "      <td>485789</td>\n",
       "      <td>371782</td>\n",
       "      <td>140350</td>\n",
       "    </tr>\n",
       "    <tr>\n",
       "      <th>2</th>\n",
       "      <td>3</td>\n",
       "      <td>39</td>\n",
       "      <td>2.4</td>\n",
       "      <td>1.2</td>\n",
       "      <td>9.1</td>\n",
       "      <td>549921</td>\n",
       "      <td>419155</td>\n",
       "      <td>155529</td>\n",
       "    </tr>\n",
       "    <tr>\n",
       "      <th>3</th>\n",
       "      <td>4</td>\n",
       "      <td>51</td>\n",
       "      <td>2.8</td>\n",
       "      <td>1.5</td>\n",
       "      <td>9.3</td>\n",
       "      <td>553046</td>\n",
       "      <td>402532</td>\n",
       "      <td>147420</td>\n",
       "    </tr>\n",
       "    <tr>\n",
       "      <th>4</th>\n",
       "      <td>5</td>\n",
       "      <td>60</td>\n",
       "      <td>2.8</td>\n",
       "      <td>0.0</td>\n",
       "      <td>8.3</td>\n",
       "      <td>566223</td>\n",
       "      <td>392671</td>\n",
       "      <td>138418</td>\n",
       "    </tr>\n",
       "  </tbody>\n",
       "</table>\n",
       "</div>"
      ],
      "text/plain": [
       "   Month  avg_temp  avg_prec  avg_snow_acc  avg_wind_spd  count_NN  count_LP  \\\n",
       "0      1        27       2.0           4.3           9.5    294174    212691   \n",
       "1      2        27       2.1           3.2           8.9    485789    371782   \n",
       "2      3        39       2.4           1.2           9.1    549921    419155   \n",
       "3      4        51       2.8           1.5           9.3    553046    402532   \n",
       "4      5        60       2.8           0.0           8.3    566223    392671   \n",
       "\n",
       "   count_NW  \n",
       "0     86568  \n",
       "1    140350  \n",
       "2    155529  \n",
       "3    147420  \n",
       "4    138418  "
      ]
     },
     "execution_count": 2,
     "metadata": {},
     "output_type": "execute_result"
    }
   ],
   "source": [
    "weather_mthly_freq = pd.read_csv('weather_mthly_freq_top3.csv')\n",
    "weather_mthly_freq.info()\n",
    "weather_mthly_freq.head()"
   ]
  },
  {
   "cell_type": "markdown",
   "metadata": {},
   "source": [
    "## Compute Correlation"
   ]
  },
  {
   "cell_type": "code",
   "execution_count": 3,
   "metadata": {},
   "outputs": [
    {
     "data": {
      "text/html": [
       "<div>\n",
       "<style scoped>\n",
       "    .dataframe tbody tr th:only-of-type {\n",
       "        vertical-align: middle;\n",
       "    }\n",
       "\n",
       "    .dataframe tbody tr th {\n",
       "        vertical-align: top;\n",
       "    }\n",
       "\n",
       "    .dataframe thead th {\n",
       "        text-align: right;\n",
       "    }\n",
       "</style>\n",
       "<table border=\"1\" class=\"dataframe\">\n",
       "  <thead>\n",
       "    <tr style=\"text-align: right;\">\n",
       "      <th></th>\n",
       "      <th>Month</th>\n",
       "      <th>avg_temp</th>\n",
       "      <th>avg_prec</th>\n",
       "      <th>avg_snow_acc</th>\n",
       "      <th>avg_wind_spd</th>\n",
       "      <th>count_NN</th>\n",
       "      <th>count_LP</th>\n",
       "      <th>count_NW</th>\n",
       "    </tr>\n",
       "  </thead>\n",
       "  <tbody>\n",
       "    <tr>\n",
       "      <th>Month</th>\n",
       "      <td>1.000000</td>\n",
       "      <td>0.273255</td>\n",
       "      <td>0.243468</td>\n",
       "      <td>-0.386599</td>\n",
       "      <td>-0.507837</td>\n",
       "      <td>-0.139851</td>\n",
       "      <td>-0.178340</td>\n",
       "      <td>-0.267171</td>\n",
       "    </tr>\n",
       "    <tr>\n",
       "      <th>avg_temp</th>\n",
       "      <td>0.273255</td>\n",
       "      <td>1.000000</td>\n",
       "      <td>0.621772</td>\n",
       "      <td>-0.897922</td>\n",
       "      <td>-0.860164</td>\n",
       "      <td>0.461307</td>\n",
       "      <td>0.336745</td>\n",
       "      <td>0.214132</td>\n",
       "    </tr>\n",
       "    <tr>\n",
       "      <th>avg_prec</th>\n",
       "      <td>0.243468</td>\n",
       "      <td>0.621772</td>\n",
       "      <td>1.000000</td>\n",
       "      <td>-0.576374</td>\n",
       "      <td>-0.580073</td>\n",
       "      <td>0.226852</td>\n",
       "      <td>0.199322</td>\n",
       "      <td>0.131690</td>\n",
       "    </tr>\n",
       "    <tr>\n",
       "      <th>avg_snow_acc</th>\n",
       "      <td>-0.386599</td>\n",
       "      <td>-0.897922</td>\n",
       "      <td>-0.576374</td>\n",
       "      <td>1.000000</td>\n",
       "      <td>0.756764</td>\n",
       "      <td>-0.578900</td>\n",
       "      <td>-0.502565</td>\n",
       "      <td>-0.341703</td>\n",
       "    </tr>\n",
       "    <tr>\n",
       "      <th>avg_wind_spd</th>\n",
       "      <td>-0.507837</td>\n",
       "      <td>-0.860164</td>\n",
       "      <td>-0.580073</td>\n",
       "      <td>0.756764</td>\n",
       "      <td>1.000000</td>\n",
       "      <td>-0.147367</td>\n",
       "      <td>-0.056334</td>\n",
       "      <td>0.049625</td>\n",
       "    </tr>\n",
       "    <tr>\n",
       "      <th>count_NN</th>\n",
       "      <td>-0.139851</td>\n",
       "      <td>0.461307</td>\n",
       "      <td>0.226852</td>\n",
       "      <td>-0.578900</td>\n",
       "      <td>-0.147367</td>\n",
       "      <td>1.000000</td>\n",
       "      <td>0.976156</td>\n",
       "      <td>0.940942</td>\n",
       "    </tr>\n",
       "    <tr>\n",
       "      <th>count_LP</th>\n",
       "      <td>-0.178340</td>\n",
       "      <td>0.336745</td>\n",
       "      <td>0.199322</td>\n",
       "      <td>-0.502565</td>\n",
       "      <td>-0.056334</td>\n",
       "      <td>0.976156</td>\n",
       "      <td>1.000000</td>\n",
       "      <td>0.972879</td>\n",
       "    </tr>\n",
       "    <tr>\n",
       "      <th>count_NW</th>\n",
       "      <td>-0.267171</td>\n",
       "      <td>0.214132</td>\n",
       "      <td>0.131690</td>\n",
       "      <td>-0.341703</td>\n",
       "      <td>0.049625</td>\n",
       "      <td>0.940942</td>\n",
       "      <td>0.972879</td>\n",
       "      <td>1.000000</td>\n",
       "    </tr>\n",
       "  </tbody>\n",
       "</table>\n",
       "</div>"
      ],
      "text/plain": [
       "                 Month  avg_temp  avg_prec  avg_snow_acc  avg_wind_spd  \\\n",
       "Month         1.000000  0.273255  0.243468     -0.386599     -0.507837   \n",
       "avg_temp      0.273255  1.000000  0.621772     -0.897922     -0.860164   \n",
       "avg_prec      0.243468  0.621772  1.000000     -0.576374     -0.580073   \n",
       "avg_snow_acc -0.386599 -0.897922 -0.576374      1.000000      0.756764   \n",
       "avg_wind_spd -0.507837 -0.860164 -0.580073      0.756764      1.000000   \n",
       "count_NN     -0.139851  0.461307  0.226852     -0.578900     -0.147367   \n",
       "count_LP     -0.178340  0.336745  0.199322     -0.502565     -0.056334   \n",
       "count_NW     -0.267171  0.214132  0.131690     -0.341703      0.049625   \n",
       "\n",
       "              count_NN  count_LP  count_NW  \n",
       "Month        -0.139851 -0.178340 -0.267171  \n",
       "avg_temp      0.461307  0.336745  0.214132  \n",
       "avg_prec      0.226852  0.199322  0.131690  \n",
       "avg_snow_acc -0.578900 -0.502565 -0.341703  \n",
       "avg_wind_spd -0.147367 -0.056334  0.049625  \n",
       "count_NN      1.000000  0.976156  0.940942  \n",
       "count_LP      0.976156  1.000000  0.972879  \n",
       "count_NW      0.940942  0.972879  1.000000  "
      ]
     },
     "execution_count": 3,
     "metadata": {},
     "output_type": "execute_result"
    }
   ],
   "source": [
    "weather_mthly_freq.corr()"
   ]
  }
 ],
 "metadata": {
  "kernelspec": {
   "display_name": "Python 3",
   "language": "python",
   "name": "python3"
  },
  "language_info": {
   "codemirror_mode": {
    "name": "ipython",
    "version": 3
   },
   "file_extension": ".py",
   "mimetype": "text/x-python",
   "name": "python",
   "nbconvert_exporter": "python",
   "pygments_lexer": "ipython3",
   "version": "3.6.3"
  }
 },
 "nbformat": 4,
 "nbformat_minor": 2
}
